9266
709378455 4096 128086920 221996391 232463568 700 12167 8 55332301 91305252 
16777216 31737 262144 23180 52313904 12230 47317270 8787880 29410 105178420 
4039920 489515096 27699360 16777216 26687 6663240 177639735 377889372 19852452 187055558 
702490204 86162517 2680 1 15830 44744683 174415936 17962994 750894036 31517 
64 91352672 26197 12460 7077 84751360 57957424 5519136 1637 9139494 
34234016 50636908 18427 30565413 32768 16920 388388110 554464204 201655840 146839574 
333920952 27191212 7917 275364540 23240 22950 818529984 246648941 346708904 877953678 
262144 205999680 44455290 574756695 735957220 167346914 31260 598598920 23517 32768 
624227352 39774482 60558028 795694419 187322361 16087 9057 349117326 69548802 26237 
12559144 23757 40005252 4577264 595363552 216502176 19328704 758648932 7892184 218777922 
116582 331450721 287477672 31327 107183439 64 4096 37152654 2097152 14460 
32768 13939732 34287780 489917769 3667 2097152 20295408 185659380 87164922 512 
31220 26980 357049776 220243730 200926845 175689696 372409752 286787 472039306 219760992 
699188880 24090 617848924 627489924 208371634 59803678 133342820 110405852 122361156 13700 
253206408 224924994 26840 7010 13280 134217728 270704562 262144 54369021 188154504 
157711448 1795808 146282304 345122760 8695268 9520 347107476 11547 16620 253819062 
643100172 163518264 296216620 156500596 2827 117730818 186794088 38829024 477245694 32768 
1064852 122320128 65332992 28150 85682784 476946006 311220468 69506316 94001517 151532955 
10330 121934612 182672415 107114292 20937 159415326 226976004 32768 7740 18820 
33988618 585407499 4079144 195231946 279953000 14740 385747570 563791348 271189054 29540 
484446515 15350 768006954 22420 707561084 448404768 161743356 158494116 2857914 308223630 
54370368 344115156 303516472 45947496 7330 24367 95460948 104829043 204932700 23270 
191180968 671580952 32768 27447 709583787 191147047 12497 4902856 129322462 220918929 
1 27997 220250660 15580 45101272 32710 32768 15055176 182076737 26370 
33542016 208951960 8999562 676675804 9289870 728328912 48142296 4096 212202916 64 
240136240 188784658 186671214 799117280 16637 344777355 398676240 16950 123522140 681735240 
69323280 394992908 383361390 180702252 25817 23275678 354991200 51520188 125677234 268810200 
64264352 11333192 20917 173709272 370616400 15007 580742767 81688852 19427 24807 
27517 9759048 233194479 36341586 15870 27620 12817 14617 31687 16157 
371281488 602525759 3207 429245366 179461569 50795536 46428480 76421596 250384288 253013892 
404555160 475466433 237036570 276979040 307975435 179138010 8467 296665040 267131163 134217728 
106806042 8680 55642144 16777216 26760 15967937 168939756 262144 262144 24890 
334880376 200122516 128847818 497561888 28157 350 1457 266607396 272110188 1577 
71312871 380042605 84553308 213510906 230115402 14940 64 313289004 16777216 24070 
11 177212610 20177 4306690 31380222 559259411 8 5610384 51197023 284479870 
64 25121274 108299070 13228242 485484273 73701684 122597268 56188596 154716354 28937 
134217728 262144 2097152 170487894 78280808 433176609 585404976 156713973 382640520 659495472 
2097152 31007 16777216 491442548 9386760 296577348 31396831 67342574 11997 52251414 
6497 216543618 31657 149150393 10750 6115417 16467 1 226216974 155535336 
12243282 9554097 68631816 16777216 274374512 177646203 373871589 386646004 173398662 285086068 
41881336 405107620 104744032 28153251 12524006 48653224 423523399 12299504 687249786 85842792 
32717 173031888 316748872 470785130 21617838 11840 8 390958692 31020430 280898652 
514722364 21970 680020848 243075966 24690190 168992408 3319008 50254204 279871056 145826703 
4637 33521436 61726596 507891747 512 250809448 139586022 4837 12690 16898574 
64 385953636 18827 23227 83987928 28542216 95942826 16660 8897 63986260 
119704695 81478866 466720232 92500128 14117 29978268 70973952 7690 55182367 39542510 
114031455 512 203419008 487947376 557140626 137262916 66707746 31392388 116254800 467116 
383051776 217006848 4096 211124391 55433312 207612044 703826515 64 652403752 20367 
14797 22450 5267 21747 16057 65716152 10937 269013430 160634240 74364708 
206421684 89339164 23957 11298768 2367 57784056 87605147 754405470 60112118 122409616 
2935548 484605575 15774388 141333291 2507201 211340924 148437312 25267 28009368 243716326 
651340548 495331608 2597 119785600 116934544 350537359 76351437 21050 51484600 12510 
17840034 2097152 226138801 16818318 318003532 94032210 639325965 684010632 58239440 16677 
2177 365874431 355736171 368426601 219305920 18750 503843652 246468204 32768 22207 
43955793 95781180 598990617 356709888 158654334 412501238 23014800 6100 60545210 106808603 
37379232 226281432 64 211960320 32560296 356844473 14060 251208279 133997789 337222560 
742807065 12277 12239682 2577 110812092 20877 32768 50855128 26836170 529267932 
202443072 27324344 77904132 478113874 404648246 380595188 9950 4096 422323013 430271928 
3177 138557650 370667478 16777216 4527 438982460 9060 17287 160978756 64982028 
25877 11737 137978822 108399528 3190593 66165960 6999603 692531070 128183264 3486010 
184443098 95116497 741251706 111370776 439067985 352222 262144 31028 1 13077450 
4096 922347552 8 343272336 46891848 43369674 216284236 560416109 19980 5065219 
284460147 262144 253982208 231923336 9577 235898630 12230 327717888 32768 18860 
550 19540 788868166 303840990 32110829 180818664 325986892 97507676 291053941 64 
64 1 5060 121552728 53542768 69552986 15438419 6710 65997932 26272280 
2605554 6940 23840 267211808 199116166 546147091 45886158 886541789 399801833 384757542 
21420 90248732 32017 15576066 429172296 256527970 392430 2097152 28637 88215089 
196224832 159986736 50656626 11777 190375486 100034613 108782943 97595829 4857 1340 
208144014 238069608 225118848 68872608 120180106 16777216 8260 4287 262144 26337903 
737608014 288916418 16777216 521725859 260 1616304 350270206 16110 119655936 14650 
523500764 20444490 1589058 551239005 32768 18907 580701717 102918696 11 3720274 
257839650 262144 293676744 31472160 23007 41673706 80250599 64 4096 16777216 
20725334 22657 32577 241043208 550545402 3860 115293567 612419968 2854892 289979880 
828065580 930423791 263257104 19828902 488572452 134825262 14940 243367770 8 10507 
26418098 271158672 285596344 83789620 196606390 33233288 512 21404928 151127714 22524462 
275292966 44250926 11 135795712 270659952 9167 695525678 393456975 189785388 105620996 
15460 203541102 107089005 17257 316019040 513351286 1120 18227664 262144 29020068 
6897 20087 2610 27847 153715380 16341808 587262366 220325121 163156971 426719205 
157314528 567657827 51225568 161075232 572111223 28607 21460 473017335 641928966 27810 
736617156 5290032 11 27609108 126135822 25510 134217728 30682444 238381344 258600452 
372554524 84387008 261511008 138083082 5887 190079228 134217728 101119842 24400 38378060 
128091836 24717 10249464 22847 381288288 31217 16777216 133777140 32170 29580 
138811614 82242480 55473588 1 3747042 25194780 27647 254471360 64 565063845 
4037880 368223744 1227 426954619 302242816 320966611 350194950 161048050 31543116 145239802 
5770 162707544 147513352 16277 755699215 159421530 46428940 100627219 29240 322296081 
167983452 548580858 28919774 30477 101336862 1185768 643023416 11 7852134 262144 
374499494 32180 232276471 2617 96671328 22217 20860 184843992 19946425 24267 
9120 1492838 173149641 545134374 8 3315156 128843568 134217728 823823384 227322186 
176855930 7487 36387118 128429585 82318544 6767 308131600 845507304 67 96314580 
26640 8967 23647 31697 540141669 359694415 3200 639526652 134217728 29825478 
16747 184469539 36957852 264281280 32477 471244578 18500 106840020 116922652 453509484 
23517 9055739 417563839 6793752 18477 2877 7163787 257023778 401507442 191940152 
349563033 2097152 229821486 44144562 113562273 42981216 336750071 16190724 168387852 21435793 
109036998 50701048 27787 18740969 90810990 28230 5614361 17087 7120 6830 
15697 32607 25670 239826132 11 52257016 5570 567075711 64 7887 
57311001 4506360 141722406 382420090 34789608 337372344 85189698 4607 27020 45965652 
83269296 208264518 158327124 262144 703314944 673773100 409229846 5157284 20446107 88183827 
609775887 53023960 80271214 17377 119015784 20320 39585636 26470 7157 2097152 
100265464 344438003 293399222 139259447 524301494 32983317 216979240 64 93396056 2097152 
26037 472259004 930568681 420805776 480691812 9820 194216930 2370 144543348 3508274 
694381248 336648240 262144 162294904 712478414 25597 161589915 348833856 16027 120527437 
207000684 78014514 13957 671132 23617 93402112 14480 11 232844928 80776068 
26286120 32120 11 383462526 5735340 44233317 567805602 131797428 174257172 22850 
56535482 625817088 29300 211085204 413845389 275180622 30160 104063323 81303804 11057 
64 43276112 32938172 29867 19677 403813168 182388999 16777216 2890 109753729 
4096 401478732 1250 14400 17240 137066608 150016910 171793701 55033992 150 
137831732 31757700 49516171 110097218 1647 133912892 4096 914532910 295076308 116653512 
125341524 331198848 121054787 153555199 11400 131856428 12837151 451945200 24310794 11 
23601496 488761268 9697 221899902 44678040 25328580 762347846 131659776 301501176 512 
83370216 93310044 8110 299488861 8 29420 100518354 115943007 54649884 17900 
273348960 6521004 97518784 21913216 88497572 20170 430693736 164951120 2097152 244109196 
87741472 249802794 163992540 144204698 9547 244582032 11 79589542 549247239 110438272 
4096 4096 10650 262144 91491598 10151332 405037053 606774720 62903484 310711140 
9910 2792554 14327 19437666 302028016 37968290 958120553 1027362484 6160 72878519 
638537272 20950 772596204 9627 41719408 4096 438253758 66254328 282029476 71589412 
194795247 167584597 78174309 393237714 8883776 4096 136893225 430470386 15495564 17790 
32768 671849200 670342176 512 74709995 31067 55267466 208808404 66258984 47761956 
213741715 162727280 30657 164712576 66346171 264315630 21960 125450652 24187 189874962 
343345500 303518783 229907842 25937 66342192 27487 206666064 416536920 303960940 562739022 
416068276 3298648 12247 30020 11887 294366176 140045256 82002611 416878880 638322771 
219968664 34895016 278164467 437392348 11 6725376 11 8 183788356 499520782 
185005968 490931481 10037 404881476 20883429 5307 347574348 19650 31740 215335200 
177398744 589704585 58042446 122581226 8 413991804 172145012 11389412 26067 46858662 
262252586 58093043 167687010 88662276 2527872 474339060 550382515 25017744 16777216 33894084 
57157323 2841645 509176107 355071436 64 150981170 65048632 45450185 384264 202801158 
228794280 294363936 167237954 53736336 158392820 10987 316517760 512 134217728 475544880 
90271874 217081388 99663579 18680 210740250 67768953 134217728 32567 44411904 90428848 
13531914 701457840 115718336 1580 383917534 371925342 550107624 270922785 13057 177974226 
17180 84463344 2097152 5236551 257874428 321633060 53931332 728259876 469135934 73348716 
829955104 23452637 376650484 6630 402736086 11 1190 613809144 78306182 110723004 
680296776 278860532 43119210 9216261 261101202 30827 64 406920389 4096 93610176 
209536460 276246494 9140 269894856 269562342 7284675 262144 20547 120196394 47656028 
1326402 31687 609048165 78643032 134217728 136162740 201682912 20340 21171038 75079885 
13730 401293935 10577 298613448 30810 126479262 229370966 12426174 6257136 8727 
19523583 13107 45686277 8 130744768 1201121 38975650 64 3897 8 
2190 32750 24117 29080 366598936 214952508 421531857 61888168 202830978 4096 
14150 113265092 316545054 321322911 270440862 10897488 7267 609615798 6550 156951908 
49129428 89676385 21790 28340 528897459 18697 602817430 22002598 284801352 32580 
22146211 125750964 28980 51609306 305429344 128489544 27097 106319772 622540800 375518847 
689486832 49439880 92899040 23629088 175613004 188629256 676163734 313882626 652978508 305107154 
32547 58807350 51728457 2097152 5261274 25320010 29327 27430 281012798 157 
276787165 19484718 168443398 116359584 6087 27810 334086020 25480 6817 44378028 
559285398 72407272 112926576 18524772 713607582 29981040 9855692 48204892 249538880 483878066 
110606100 20930 789404070 60601388 42255204 108423405 2097152 16350 5210 2641035 
644280068 25147 198450776 557238574 959198979 7517 529246730 31337454 19180 512 
611226 27127 64 22003132 242490511 11600 32768 96201340 32768 218574720 
464093063 317087995 254659818 32627 11490 51168414 711128898 243285504 285865089 41893929 
1610 7950 26735640 64 4090464 14807 421796751 9997 571923899 6250 
12627 117184992 22410 1194804 150375819 441600636 296713455 7037 16777216 144992568 
66976793 2097152 285332095 77734443 725270508 251452495 37996192 41918880 1 54026560 
4623289 158476014 142609584 117849381 38106492 225701047 227 18180 390422838 1117 
1840 3760680 115935504 7439061 16777216 546162056 25134864 257048964 127182511 83996640 
46494596 275029344 584448069 26570 251950395 13360 89622720 134217728 77697544 229626292 
2614796 87966312 130278477 262144 119187684 8165820 618606693 161442356 376499907 147411552 
138394478 2097152 174839157 309260160 398114724 114826868 27334905 916686512 4518342 775621303 
32052636 32270 8 8487 325187247 28564203 12140346 19437 35623126 2249232 
1 55499080 5093064 108603421 96689117 21927 1 61099102 730190564 27490 
420497258 46955304 13830 2950 52572704 14697 715249924 68324322 127824 9490 
781724880 232741244 594223923 24472078 43391734 408663189 309841809 20177 19090 805649666 
178393068 421521952 24947 20157 64 495410720 418778183 202760124 553487099 4477 
16077 262144 87828799 10117 379761536 8133655 2097152 11750 32768 7250 
367839510 380193480 580185676 117295022 549644796 482746387 600724104 428278584 5230 35572518 
189747422 261051000 64 14785344 111104520 473292915 41199638 240 422130100 105597630 
229200440 13817 212289848 16997 43299372 196759728 2097152 570478383 174399615 211287672 
7712138 123078636 287035723 23427 351137436 34677972 14607 4149630 17769290 262144 
134217728 512 296731640 4827276 2280 145281750 226622671 64 292063308 14360 
186083568 434483766 26420 1 67336992 4096 242320062 454705 9291339 422838040 
16487 61626928 17507 218810768 302189504 82433447 161646090 67584936 60535293 300416446 
329655915 41407904 28974240 675405400 88753032 44384016 75402180 73172934 32768 21896914 
7057 546088653 262144 147885678 705721258 32078205 321828816 28560 12387 33487452 
305699056 234082992 117244011 116327379 16287 17930 244322190 405803615 46160808 17920 
191817123 20040 221655208 280920258 153353072 842627873 706055184 263073127 134217728 47154927 
1999788 16500 93771776 512 7567 1710 9550 11 243987132 124416456 
25762816 441302301 18360 1 63727664 4096 30287 193420290 262144 424519056 
109841776 15520 230827428 262144 8986068 100 511689972 6059008 4996512 202416926 
406388235 5810 32732784 94099896 952277964 319571184 11752318 438999332 96491830 8157 
321887265 134217728 53800128 141103511 16777216 9967 6140 23180 118005603 25226584 
2097152 472013272 1256112 17577 454401116 192301626 61445412 23737 19950 42752446 
30827 148966408 262144 11 46632864 6948936 59688174 83973108 494361363 262144 
404875514 37155840 202306167 10150 669731853 71413548 17366324 512 88638498 734273242 
1 262144 301852659 270219612 235081159 553231104 4620 2507 43582453 16777216 
195514935 130012974 14949864 2167 300625182 334857276 5520 254955330 264271641 17167 
46624773 662466030 397250505 23680 1 65947716 307507706 52872534 414469685 50585280 
7547 432074826 207805824 8 296014156 343386756 388826364 371529858 659159183 16659648 
16777216 11190 7957 12960 31607 28990 2097152 42448146 665022916 100788592 
32768 301958514 83139534 29480 894071472 194428410 17317 322827366 82943923 21720 
238356797 20820 446952612 302056712 108995216 1220 25395828 2097152 10009872 16777216 
3587544 212628031 260858598 107460825 28497456 275466308 2802136 7140 4610 19800 
10927338 19190 115341820 21300 142153368 8375616 190602058 28995054 32206272 14437 
32230 162344358 462710592 96222996 11177 182650074 907748358 491112952 4777 14799715 
716619303 425652 70836367 8 11350 542848791 24240 19817308 117285328 157387784 
27667884 99391313 30310 272539323 28250 70203924 284578455 57579116 36122002 7377 
265511610 5240 4096 64 1320 7410 75240306 453931232 14686908 20827 
134217728 148971216 386354016 8 156245050 64 24640 67003584 68246256 480870390 
79688928 12257934 74771296 75622590 1 7940 211248744 47310096 13757 5570 
114085640 477116640 486702822 13187 392749385 327939304 10470 621570024 360599688 1747863 
20537 133373900 11 63422028 4096 97547085 770194083 36752544 299218000 171164430 
121771216 428848105 10250 3733652 133195606 262838058 32768 4096 514044252 11140 
326925018 157076284 32768 116908086 9151828 276832296 11300 16673310 187917048 131362691 
279958646 33462604 56722752 7887 27750 108552164 533643186 308454914 19507 6133860 
196794139 56877480 44197314 91434969 64 118743912 237001412 134217728 251013884 908284636 
348000412 87554808 712862892 512 9127 505392263 349436640 67235700 23485392 4357 
35758044 1248024 271152480 13217 163880804 11 11338085 50824480 513416176 22902480 
960466 685820247 310418248 56432736 120458210 15497 64 251997048 84868833 26177 
70869240 7130 27250638 211857184 455876512 119256228 90892780 4024420 351243984 11760 
185834112 35728758 131292889 233425336 867059643 24034808 306005216 137520711 861631468 262144 
499796508 5339520 26910 19220 152642124 18537 131811148 1455308 667224778 610253352 
113470410 28387 337364592 29247 51669316 529227594 3779688 262144 511096500 119443390 
6580 211546353 298958976 241867022 1600 249785345 177148916 55513395 19457 8 
357064362 1187 49849044 143391474 2097152 485821263 21197 59061674 64 154232568 
677136512 244799776 53820585 67849782 164129040 27947172 259786152 206142480 124559168 644182176 
626413216 64 79323119 262144 6207 66552762 158616381 763383885 374177271 746410272 
52774817 64311586 837 14528780 770794472 383276484 3850 107920920 8 109739040 
92966228 138736985 205771830 125733906 14850 436715406 105952296 276674244 150049788 216668400 
750898708 29807 31220 120479052 67460580 46217696 22240 409119704 231644184 229331984 
8 122982144 13100880 13069392 7730944 189393200 200318404 17837 222990474 618474846 
115757850 213396144 25595955 152109948 1240 5176328 300595710 143811920 82290758 16810836 
217200438 16777216 781960616 13140 18330 239088564 2571228 77574524 16777216 314371020 
337628742 126055424 37616854 414382611 332583027 149081240 210621195 323765185 11 98188192 
2097152 616895286 261070446 4096 185892876 21197 130551912 15927 24947 172487787 
20950 184498654 583268358 685391256 11 512 128556522 419775328 8777 45513232 
13667 124412799 742295337 190700244 250349247 646510425 210656106 10097 32768 926082760 
764256183 19407 6677 92839530 110 2790874 74306672 32216832 21913215 186282648 
16777216 1 382745180 75062962 468301900 64326976 32768 25070 66134772 11547 
17385585 30407 92932026 17657 17677 27540 295549848 10650 272645307 512 
435150512 1 512 451987564 215884314 4096 150794208 44811844 22703688 25430 
19787 11 7420 11 950 139055201 197184402 137020012 830699622 676876907 
6857 109522546 16777216 30067 93769848 22247 837276046 333442676 2097152 91378188 
56085430 322267168 10677 2297 236446567 175832124 8569026 386784 238895608 446476953 
302742784 46317522 155681410 90073881 28327 7430044 415481696 317783414 216071596 327309840 
17767580 14337 262118565 111050940 138293676 13290 11 22440 599560789 26338527 
510820261 2517 578558376 177735306 10951254 77076458 741505044 50435116 130665690 227478108 
887 375398751 25337 99201796 109622448 465674430 74430108 28540 562341088 382981222 
22080 88005576 369222932 148069848 230535910 38546378 134217728 94107692 128099347 79474932 
186355236 41624532 5740 508169416 193059144 445439984 134217728 4030 114478542 142987180 
259640023 70005012 69290144 25520 1 116260768 64 315041331 512 7997 
4657 29413648 89066760 494894634 73721408 11 9277 37605552 147849639 130906061 
178781988 326750512 42407040 573173616 11 2850 46064161 8249709 20591160 134217728 
31627 517680176 857487323 4210 184024467 366923376 364371502 78747264 132449688 25030 
89674620 389665919 390492372 162076378 37670076 109937007 824232 50129604 26157 99771246 
15710 24162880 6587 358342176 622089 136820528 262144 401946762 24290 134217728 
37985378 7651112 29740 70629780 337273750 752769911 120825276 144369598 292401954 733435725 
115249188 109089136 3579520 266986720 233619540 29357 478291308 51087630 25927 34002360 
25287 446099199 78917929 22405164 56034188 9990 44700285 22274544 601311897 855383984 
15080 103402572 17403088 20707 4990740 633569364 105939484 1930 41750808 47441184 
29857548 383054848 175617624 29087 768662217 102505572 29089645 83874931 285904270 172155789 
150355842 134217728 2097152 32768 847796068 10687 75189576 69509758 510944826 292590576 
42607776 24637 4096 18787 10957 454300002 36747088 183454541 264310944 34068798 
38759574 5437 263308761 424794172 324389920 48040912 21110 4096 299079344 455143920 
32710 807 38287452 48223680 234827568 18423368 103728114 22080 41329196 292222124 
701285872 60506809 7710 13676418 235406106 357879641 203904987 614636720 471703808 191476712 
64 2077 303446896 56405246 111561786 439301408 396872212 141982320 534491811 4096 
29357 483727902 58454676 10653552 171287844 32877796 32497 439750077 89954544 13864284 
30810 773765846 22480 302477428 32194174 22780 64 227554551 2097152 8 
186477772 42834924 8777 55728192 158687532 196577823 35882490 36581424 64 342123600 
5997 109438560 330325274 13627559 2262672 416305944 512 172515642 102788352 718935525 
386206806 244974700 67397469 6861180 453247632 11 20880 363262004 262144 32768 
73422800 37406734 262144 234671976 21290 17347 518737127 300321966 183051342 344022868 
18010 619275372 423372042 25327 6129362 23449938 97458855 16380 23037 410105070 
108161244 243155580 34339972 7166998 536585914 115615269 48373152 28580 2136498 91601280 
733675761 499381345 26047 518152732 138161520 17655645 50610924 158280584 484151609 8 
20946918 25120 357580632 45360000 112768778 93046408 345556470 7917 106776852 29708272 
19527 624150348 25227 2434576 8 4547 28397 23617 657963026 170926866 
32768 10937 29488032 305043288 2097152 21464861 42657804 1112625 556256435 4096 
284352663 756613312 18843045 181649216 439263766 18217 2097152 277668930 584208 25897 
194826816 87741182 59531472 31530 12887 24658386 733417374 1 512 28450 
308122352 18940 274550924 46098380 46171048 4487 12457 159050962 20717 15701954 
99602088 99740970 64862114 314695104 156611826 1878294 19020 536441672 476277939 74824988 
12950 282405375 19250 692646954 115385658 284297000 89579979 512 36135144 804084513 
439426848 22943296 690417246 12137 169048464 124492788 23503313 923487085 1 24387 
517 262144 3747 211591288 8 8 121790382 2370 14780 4220867 
1497 31606668 3445596 32290426 13797 308043858 110755200 428815170 16590 81491616 
5660 278569920 1 591537968 6122868 206070400 4800 8790057 2097152 136168296 
91004316 370934262 47030784 393860734 29570 383907392 9378096 257699441 290642037 512 
115331542 212229353 17 21100 940831320 102835089 16218272 339490334 191588710 9677 
22480 36516128 134217728 19697 31200 307965924 19897 115136307 234606408 209384147 
12407 227956262 6787 175104642 112931 95912232 56714812 66391166 26567 367708942 
384464136 198860906 45876252 14387 80168128 103420904 791651914 391895668 217890309 29030 
305550144 88519392 51398310 462037611 46983007 16807 30007 286836176 208629461 11 
14333067 11889609 137903952 17647 512 25440 477688058 293584220 14927 55847040 
477241074 1007 182152916 32768 490693004 176711634 543683576 12830 2660 567430950 
782327652 28157 329215621 727887290 32531434 689314396 134217728 266431341 198466345 214005731 
212962542 27846623 181693841 25410 284043422 575357552 161662732 595128708 41512372 173223360 
491639025 382505634 46901401 512 61782080 360976831 13778704 419510860 10377 289908600 
4290 455544990 32110 85200194 254873982 32768 13631990 38663856 171477315 221566176 
140725950 292745445 190872624 14255694 31292264 115775262 534317616 462383042 14370 318752768 
117687360 603223920 193038294 115397380 45489418 20046992 565711671 356836864 34062432 391530510 
23887 249418516 4096 557175200 246839528 333555543 24740 13120 128955030 271377540 
1 670 432506234 189969026 71601752 130698414 332774048 732505862 200090364 82591452 
20687588 136065792 268249840 237782180 473385315 21128096 168952554 28980 87809740 79358744 
238388384 174492333 512 99851128 50830689 417 59114568 21127 20197 7947 
36359532 31257 22359688 4096 148567162 121567446 27372424 27787 64598204 2097152 
223703832 8 362482547 49667918 17917266 5170 262144 18417 51412524 583934274 
957 8 14180958 20507 16777216 2127 201740262 389464448 373308936 130619116 
416289176 761574372 98515144 15227 2468179 82746144 43198182 61444559 18497 73836436 
5798312 19620 256616388 562815612 228838258 130409520 23830690 4096 47115024 63842779 
25993955 13975761 547172619 181767984 32310 408438474 512 6197448 502490085 558640460 
262144 20027 245372946 25327 289165446 289668726 223685150 169632 237529728 21197 
2269540 230958560 262144 5170 150498588 574376610 5857 32530 16777216 15567 
512 32507 26891156 2220 100129596 70388848 2097152 6237412 6127 414286704 
313777020 214164363 512 479490137 13227 298079106 169761008 25800 46173386 27657 
205670972 273565268 727371208 59439600 64586952 6437 512 292374844 745657497 250525416 
12026889 320 4707 94158314 554061660 277626932 131301248 739168696 206249226 630 
135522436 836503551 102233131 18330 64 181881246 35343056 9597 441417350 185355240 
700538757 64795656 512 16777216 133071504 512 56234586 11 217590040 98227134 
3095834 348501300 250918271 430 177603234 48126463 697223142 64 40218621 99759897 
644076861 16777216 780046504 4381344 21707 587363315 269878394 218163582 12650 31160 
197870816 64 6210 253306345 32768 27420 67267872 887167705 40485648 45954272 
4096 1330 593136144 54738004 8697486 397228706 16777216 265732224 10407 339394448 
36426856 5010 1767480 24257 10190 64 30967 900275187 1852158 284500608 
191992536 31000 271099697 401643160 700535792 17390 68795216 27200 32768 106858839 
118819980 24027 6044256 30177 101504316 122171016 28665476 184942656 117907152 1 
81088413 126575796 9928656 836350774 43025424 622511889 5600 32125536 57112412 223316646 
324165878 27580 720917337 69498720 16777216 151634474 215530910 308882792 8 225411564 
531133254 27359358 436706105 16777216 373698936 262144 134217728 9910 166568820 5756352 
50041530 32237 324245456 147743970 111457280 1790 424735508 262144 18837702 658648448 
22458804 144583256 81317964 23200 757519246 1480 67375856 217774734 11883995 52195880 
153404306 431467074 45378648 129923014 14800 24517 4096 43954316 512 184743762 
512 465591665 4090 320334984 374237520 29771170 267341396 168367463 11 512 
720 186043935 12619444 236628507 30187 435066840 152366634 635503806 55204776 31210 
29115193 11157 755975712 111979282 37712250 296456820 157310046 134217728 192347534 11 
2097152 46708908 37650448 134217728 418303094 20097331 24000 678594084 20627 16930 
2097152 15690 22897 132658505 11810 148459584 4470147 53154106 84938744 121977087 
40501692 169816968 50239686 31830 240331832 208802672 59633844 30719962 201667158 12552165 
118937097 44163720 26800 325646970 512 331394976 15960 273479976 27467 328654991 
227983920 533585096 249063089 20995504 4096 134217728 170587362 265917708 249027686 512 
24559456 13207 137099760 356293140 11 840881746 49732438 21077 25350 134217728 
262144 165982278 202910400 4096 303537080 101488288 10250 148797888 118427128 36316054 
26393248 114981768 134217728 26048720 19493892 102795888 29080 36440820 349024144 21391542 
101962740 68480031 386127148 8465792 48079524 262144 268292723 870 151461160 2677 
723836920 167682240 16188216 188778924 46274896 836836627 553303764 62106226 543498106 32730 
11 852616 145591468 530340876 782420536 512 249357976 282984214 12727 377522712 
954458589 82667952 16777216 2097152 168267342 381553104 16100 358691328 447545234 20190 
154901341 1 1118286 80002295 108778971 96692624 2148960 288288 679764744 31730 
14280 512465016 747228433 130548852 713054602 124660340 17987 384112974 4047 9250 
632683038 2097152 11 9292024 87394976 150163344 37192518 114572749 26788374 32768 
129195652 89090421 20564016 269257560 54726420 16777216 5860 23060 282944690 162051588 
245887936 22400 19070514 27100 64450480 225655040 117422598 910622889 18046972 43786384 
387307074 12791900 31070 11 171893648 2997 358637589 209269371 67304192 127615308 
192607272 483603862 129538972 8557 238268124 149699758 198558204 260410944 226276006 267037914 
254037620 152041932 25570 6257 304414796 16700 226276698 232066956 238635782 606904650 
9690 842591376 71032668 134604204 159510412 584686784 95119446 1287 8324034 419958983 
72652424 58026624 221417379 132985660 64 127547156 469232456 21061260 13553811 11 
11107 193627380 7246589 339488733 147060589 105044887 69319302 83281045 25340 179802480 
328412336 636237975 70927366 99065574 16777216 21570 207542014 86133141 15255360 20667 
1681192 86855136 190996554 32768 126505216 39409994 100937276 224901444 152725664 209723876 
456383564 11417 13570 172388436 265154160 2869350 4872864 29137 355666848 238579246 
92826214 336484620 16300 16777216 380610343 470147076 25637 18350 495709585 20330 
179633526 15062528 27537 7408836 15407 6957 27758376 32768 560325141 38368672 
29540 15811458 21513652 153514998 366301656 28440 16777216 498822586 360450152 751473031 
34559674 763870926 16777216 4096 48690820 3620 26380 4096 21000 2570 
177233980 2273144 91500192 25730 478104956 123453324 1 32768 18304962 212513226 
33721120 27843270 2097152 1970 638721787 8 61590480 39508557 296380479 249674650 
93085766 31730 77839350 720091400 807192496 703543190 4096 237531141 16777216 2957 
80248364 355451448 10794568 424664576 64 161049060 219342684 384040484 28120 1 
204623594 204591660 21810096 10947 15920 27453952 193606806 206039957 1127 604093154 
332839530 26787 274128508 11377 503560848 34279804 295842671 394961352 176747840 755560337 
10936576 9997 12327 812133740 95429432 14170 98586992 526540859 135678564 32768 
3930 92050248 31240 16777216 11060 255883552 4096 616697354 44460582 473123324 
637509204 512 249157881 18527 413311600 255814504 242351552 117132756 134217728 956094876 
987 245500843 8 488509144 15430064 237914668 203075131 144125388 2190 355206102 
12378461 780200649 446409712 24959598 22300 19210 34991590 75408862 189755055 3598101 
74885491 367047230 369589944 13136752 21817 694494534 397544048 301806219 118791126 8 
11360 594391446 320428636 740 34647054 150006854 12457 99959592 85884129 306195120 
115141530 217168236 672345 162312447 553420323 2097152 31895480 567693564 24080 239876726 
40458915 11 406518844 21707 8012576 15880 7372092 31950 24547 24404170 
539891460 32049512 253455840 262144 48381502 49207802 11965806 280983520 29430 518485341 
543006168 55776182 74664681 63112168 46753344 17060 4590 18497 322037226 512 
301317894 64830736 158445942 145023198 145485269 18050 14577 209076798 408472716 1 
262144 267423537 289127553 7876617 301455836 106962210 175503018 272135578 377106568 6200 
4346185 580 65722244 262170667 90314224 3817044 7655480 18790 267458564 84836042 
129549532 2097152 5747 25617 193536578 135218531 7937 187178464 94633800 379587560 
183816138 175946404 182988533 134487324 8 94193292 19980 17260 609333392 75116973 
79615780 588565198 32768 194504976 22974804 130360133 307832526 160271289 32768 122207532 
19452945 2097152 343233 110701580 30286700 326278420 28337 11 346836144 142760598 
106665356 584116512 19027 257525184 288158715 157318461 129830358 141466104 312433227 363753146 
25540 7432010 107104284 381467076 18825996 54922942 346105144 30147 124942176 30615636 
225922704 275036896 13780 110620862 246754620 21457 30779560 5940 2097152 22571892 
82311838 11 18570 496041 508139747 64526748 87369260 71050444 77977275 28647 
11 369201646 10440 134217728 3607 3671052 148916532 23349298 36923796 54304612 
182893227 390866784 741078885 312155304 231161302 209844675 29283702 965644 371669610 9607 
9880 16484412 333581328 6123285 152476400 197812472 242263720 356834808 28841820 11140 
499451162 59418748 11 58735798 23861530 227389148 81460992 96678344 22617 26560 
7557 261770064 57892914 79134336 7059568 37386366 266346228 20077 45189648 157395000 
109725430 403072323 26077 2097152 7417 21340 32768 3030434 2730 13330 
27307 2207 6907 328508875 635670548 20130 30350 165204648 405384118 30006897 
686627909 37878786 463206327 13567 89419115 31912272 40459296 24450 205101234 17457 
414808539 23380 259623760 271121697 321543243 98247688 1 57087534 12905898 95353920 
105605378 255605754 550823985 6187 261268288 407444282 760806 363181884 26532856 198660762 
8445174 1543536 1287 39926246 29170 32768 12165741 12747 530787621 74566160 
2097152 432422452 20290 32980446 135339984 22640 134217728 603227048 30737991 328572596 
209669760 29887 4096 26687 301309252 29700 168589876 38159099 240070113 391940976 
21237 29649321 371868889 14850 7110 185003808 24847 19600 46208722 51354432 
391233726 269465535 6184624 64 273800148 165585411 4096 387569220 13403679 456603576 
73155852 75265245 660030664 174023988 580711110 340909317 81465452 182878560 116479232 90149426 
423878486 748644 67137494 128742084 207666699 2917 112052031 28469376 28480 636467986 
81067947 577362816 679561263 512 2678481 395318817 136083528 76904296 236585543 242324477 
136597650 25430 361878474 23770 40445460 64 512 11130 14070 377853761 
60773436 21747 15714270 3377 1970 5780 558219984 103742993 24550 317647918 
12767 211737612 291943986 4096 72320082 1 2347468 271156215 21524083 57220616 
32350 42094834 28720 29020 184372230 4096 5314686 28987 534545643 234837216 
133454997 32768 614306520 1610 267045012 26976416 19977 569843181 632268888 139140875 
30020 354536352 228528564 383771388 32892705 25900885 65401976 676394817 20050 194302574 
61036448 22730 31567 93435694 1353024 24950 17060 16040 1249568 167936500 
731731231 16370 316102589 44379684 16830 249173554 120728768 194783076 29010 253925196 
634798922 56975100 133484256 276951196 22709808 62884942 2710 8217 130058964 37879062 
18800 107733808 632039440 19880 658236475 202760601 134217728 338693238 64 223036191 
381086937 4096 209197184 579347778 192283392 244577451 56147328 98687881 65197964 127302400 
118385554 338016848 5681272 21390 252059443 491141696 20762756 341236740 58745726 16995192 
62615322 67425657 11787 26070 17937 663289856 137555433 12497 736481116 11 
363114204 11 197202121 134217728 3370 36837960 679145816 344698092 265506656 568063902 
27410 37298872 422182464 463148756 67034304 131320980 1 3564144 10560 139435236 
61636172 16777216 199876032 208192259 659271474 751419540 395808922 286770168 8657 19108852 
27560 356584464 467785224 14414580 135319120 113002043 23267 236439918 412040925 679575202 
338929110 228546870 11 639782122 254351028 31430 128155031 5412470 512 343745644 
10230 4096 9639252 578988025 52429856 599584307 8 303759456 257666176 165419248 
87963843 181919232 426081656 87349146 2097152 245265936 441961476 80314308 16777216 293313024 
536854594 39997359 22227 2097152 19737 201714567 259737854 19484058 117653736 11210 
82863 26377 129370402 121048 221630838 171365535 771818238 134217728 4416974 149212480 
108217207 13877 11 88452496 2500 14456448 20407 11753728 25743197 6890 
512 150328579 17947 89181932 9267 561080340 6731358 82780230 348275840 25985088 
85301280 292598944 112560507 380270541 104864232 26380 396395106 5320 550318902 744605519 
153431291 441726874 150621512 426100372 348444240 541325898 309109552 310983069 512 103113522 
11 512 329912535 222366867 775672297 157315378 101317694 265839722 29540 29464526 
49561870 441702248 39108888 882729319 12717 11 42950292 4497988 284382462 258353246 
30321 2097152 155590904 42253200 208381298 400800852 24182752 14374470 206234520 536309591 
210822051 2097152 78641484 18272144 11 227658985 30170 61943751 371092546 16562304 
490433595 66907480 209153149 7602774 268365110 38852352 510098572 5467 1 334805232 
301915372 153150088 1360 151345968 336972273 1 32989572 38726496 592306962 308552510 
36674334 320243022 7915509 7797 18761952 11 480840000 185894746 171958284 289963576 
247605810 10367 32207 641311572 2619050 482582643 22867 9690 339956094 24977 
482527075 138260616 24750 161784558 343249578 684924380 4096 180576000 3280 203468211 
262144 576618879 18637 154580404 218305770 11350 376758046 76993584 191355570 138715296 
511711200 11337118 26520 90570074 255414208 329165736 491091492 277969472 14175114 624291851 
5565834 137123064 12267 28628588 215532119 42571178 124691485 634442656 4096 131220142 
83456076 512 26020 291154784 29711 3010 474686822 430665180 492013038 81408240 
140659658 26603724 28670586 253604319 5609772 675479735 425017359 14206680 11350416 65714984 
209384028 221467274 134217728 610485244 298596471 164995023 704091022 681476432 3920 12550 
1 373370380 213743952 4096 600952548 360696142 18800 30308838 722054307 495868308 
20307 63729818 459929424 606937217 9671040 109153350 383369864 32768 72160708 143034368 
112242372 473424260 235904319 30987 226483362 930899676 2097152 30095631 5217 128854974 
3800 17879622 57281848 323657044 25277 566046312 1047467453 5767 12397 336997002 
391796756 208223744 19197 236154128 26460 285246108 136384243 301729634 17790 133568604 
52197372 231708648 410497388 145840996 93795408 81052412 214897518 79925835 143429727 221257584 
164545064 16777216 2880 203796786 683980427 31663128 7660 134217728 262144 38164052 
447343784 12031530 66699063 343424 28688628 6614374 48505422 262237763 27868128 270766872 
190586490 23107 202079478 182187840 355674 228823386 97877816 72946944 64 272288160 
776922190 214866400 670509630 4597 26096524 56549884 8840 643599999 111534441 187488210 
303660076 11 504604107 107431185 511801252 66084690 42299055 11617 49886410 22360 
57140112 83736 212413530 31897 260761014 423796184 448770816 16461198 283130253 598570830 
256323960 9037 21240 57388702 213375644 158640192 48441555 453494733 549377448 90980874 
320885204 53499500 14196665 197704683 17820 30760 32557 583281740 182962368 943144776 
724410560 46693608 3527 953957804 607351119 13277 502550031 189923924 296910624 2447 
4427 16777216 185198970 18730 196354645 428732085 245409634 9490 255051468 188766214 
262995712 226566240 2607 125802838 281413062 161291776 466729298 37787029 13507 1580 
46076715 325928400 512 4096 64 4096 231283844 492705264 64633062 11 
371555184 556218446 209705026 356317569 10180 240672520 20827 10330 299723424 227247256 
16777216 358072008 126425226 159963964 475818805 16777216 5836208 217214750 4670 576843472 
374088358 125937955 921422181 31797 30553292 316332348 8267 64 8 297790416 
210767400 473252424 5270 274594304 21984000 1 72164508 8887 418645769 208112832 
310001022 81329367 16777216 442241232 198098030 1974082 44308242 368410740 333119772 29480 
46392186 20291259 2270 8050 355639620 7571841 26838927 67897656 262935904 523553208 
8 55651584 150269292 31767 29407 65598912 24227 307717476 228184264 253634562 
262144 10306368 336962672 25970 803648 21700 2097152 9063942 22885460 572187850 
262144 12447 557760224 144459385 425809152 33027267 289635324 202270950 198407946 52715630 
886796022 32768 112977566 517 26370 48481344 13109256 170535456 11 18560 
16777216 10467 2827 22077 610601841 313113350 21530 14540328 11 417789239 
74199840 136068194 844898106 207913024 13450 32768 14693049 58721040 27487 371781320 
29570 7815028 286052942 156548436 238757306 163292750 20186874 124317488 53163250 561341716 
269279942 4096 48454238 17977 26287 351053064 742980518 132256762 17269560 172755528 
7520 175985616 15337 30797 8 30960 408992216 199857729 260578176 106954125 
212256180 512 66941066 189567488 27780666 567039204 44527616 147708190 86984107 442722834 
19770 32487 252921735 66753291 380910429 512 28327842 90601641 270655512 162094896 
51762618 90529044 13107 443336976 621118907 186363288 105008482 134217728 1 533361948 
482384 45391116 16068240 16590 20800 3099644 16639040 32768 38871158 443325022 
250402068 550243776 248320262 400 82997748 28407 512 26607 8 36275680 
159974276 595079365 305752356 420353208 31307 66791610 344200533 347335076 110931120 22330 
387288468 604794890 17430 198736536 73857693 30717 1 96068388 212834973 19149598 
23837 257745498 222181022 281118960 3087 22919092 1 25420 513754942 522997872 
190204628 756593471 102418880 12937 31277 155616656 6650 413223096 223168608 33136740 
18730 122361220 16891224 134217728 2097152 9160 42064272 313830647 489659315 267796840 
62085609 808363864 20917 90509551 599324175 111401100 42221593 480481776 9445336 31760 
398617728 672163855 525859950 11 13732672 249168616 31147 30940 592344983 856849308 
23120 185755101 451481376 386207007 237521578 34610828 262406109 15227 447549375 4977 
69019920 547851096 148346364 22787 205423083 317810207 169319184 184444843 8870 248193506 
1 276903571 597013022 8 20467 68446264 273647946 890534188 11634987 112748130 
324766992 751054031 413326173 694692 32314968 133583424 320589003 114930018 8327 472748256 
55090574 64 512 306071488 18657 172328688 136862151 120584044 85943880 6132058 
26190 44189361 2646740 97492020 167342580 219771639 521307819 79157056 288118016 195518952 
29177 9370 83627744 391930924 270913932 169576656 779937424 251637678 367029768 47462823 
965226416 2097152 97331646 512 134217728 13222647 386239168 117115360 34024288 11 
38739493 43949052 8117 622328048 308305910 20114133 29300 336353598 16777216 26607 
221560810 817 27770 322588816 460398120 523031614 158261562 71242184 20927 117299178 
102992264 777699612 7910 16917 102817818 206260992 17489472 134217728 244949778 287543908 
45849060 31637 228359436 77710314 4096 250025790 25430 31053616 372310916 16777216 
16777216 25977 352033290 201368112 200086450 622924916 66252508 3117933 241391744 22197 
52426572 169497449 10697 103984212 19017 12422352 394972357 109455358 152929821 16777216 
96966224 196744550 34894134 11 5031468 102246224 38186656 314850426 172131264 8 
266887516 234005850 166460952 192090176 290038944 97445988 81910539 562322412 647887460 17946370 
20836992 3910 134217728 740032 140635376 1091274 375515818 354204874 30562056 11 
21425142 8070 165108594 50286158 137874210 531464301 7948512 44788884 32768 762246156 
21670 395620432 512 614307666 71332478 27587 25390 155030560 8 187762609 
535801068 71880204 26072514 366710880 72041144 1 19947172 3697 23540 176916817 
24350 59517024 456050238 32520 191858304 21210 106262622 1 32791816 132355526 
124583108 604602817 1257 9307 448286082 267461572 15440 47588156 4318917 19340 
2465736 27797 151604337 283117009 50744720 280647356 2097152 6554184 512 594056112 
252741734 807277800 469950838 64 4017662 12917 385680932 1 92533056 874119036 
577182760 135473102 13967 39428352 124027989 29520 357369998 37846318 134217728 30310 
223667757 216292340 662349863 512 8800 1 245218623 13670 459471285 746401986 
34934334 18110 20110314 1 10067 87944350 64725177 212407059 24430 165738421 
213448938 2207 115778640 6677 18267 297623592 491999044 41297504 680180536 101443122 
365972612 169207164 844309144 15327 36485532 666802710 410684145 15440 305586228 170666230 
32768 79404936 12240 59197622 16777216 8980 848136168 379551798 2112096 182832285 
43875308 348439512 22857432 15027 356030142 11580 2307 357093936 8310 5150 
7097 296644326 100883448 176572032 672660783 192575735 91045732 725364180 8128296 416623725 
47661138 215431968 14157 20471112 20164704 5835152 157551356 323457136 2480 28020 
145513944 52878374 8477 214773741 583127203 46996919 37081372 16060577 39181428 41205144 
512 2845908 597558136 270444636 183676570 267369886 284020588 126666826 21450 724244371 
512 96618843 605321314 360399576 58093231 33568888 18840 235696152 329905574 531781827 
11797 13993584 216668188 155318544 213085890 145714816 445500202 327892864 262144 387237186 
48124188 88108602 20907 2607 15833738 163914008 11367 648486679 877871162 191349200 
90595344 50848224 37312212 16777216 498190644 205642536 285220110 31813538 32768 124463097 
23440 32387 389631085 11097 909853136 28660641 232206480 4080 64 819074749 
50107563 245403783 16046124 2097152 17857 6313380 248281824 31900 28634696 108215198 
327614796 2467 108284280 13520 27547 213575808 11957 11 510661714 48000348 
194830272 19697 11 81399012 115843778 188888088 6377 271741456 4050 339995418 
25940 143258752 3080 117068070 398777028 12877896 4020 25787767 707952800 48606286 
158744782 43888054 26248268 740791142 26488848 42844792 290014291 820472079 239684488 442457147 
159032149 32067 846324207 84633648 142036480 261554438 161794332 140286429 108662378 446941815 
155455168 21747 327561570 129506136 29590 310962373 11397 8 68142789 40067116 
323456972 326335086 20190 286645836 435144102 134217728 20110 21993888 13670 19914085 
166708416 370774464 437463350 626241078 577311543 64 94784890 301561146 66817344 4656366 
173239872 900463488 775769904 71291028 17477 4813084 452018270 8867726 262144 588078410 
8 37357446 635767650 26677 11285736 6515472 485694354 512 320783672 4096 
113448951 38709108 182888300 145229832 12844546 17780 4717 231139656 138637044 414085848 
150107491 429421136 19030 319934818 294191440 177165354 37343734 306980758 155274912 68094445 
22530 1 25467 248155299 24842988 2097152 539326485 134217728 360 69007130 
19680040 147802488 29797 6870 366266785 27760 31933936 190056240 132756128 11717475 
3640 353998428 657459857 985969644 373323090 11 34406226 16777216 14894292 6218836 
14307264 17020 167163696 4096 212490022 31806908 773186440 1760094 39351129 15570 
66203072 67112956 630066876 152365836 199352816 282001695 20330 35650602 25347 449799132 
28310 531083098 16777216 391438272 723656022 16460 22510 106631712 53203488 9770 
677 8594080 25607 388004436 15417 31720 2760 12710160 368126499 15327 
95347377 50161510 400 110216414 211913520 396587376 666878972 8 295331612 151453022 
406479032 658165948 32097 1 843342643 64 4096 29337 41374548 32377 
18087 10840 4096 158491850 7687 246340672 17827 24659464 172417734 18075460 
301230258 3275706 22832054 1 119286264 153796716 415086498 70311096 6297848 668213092 
30481952 27140 1586532 25907 102755499 2097152 10208862 134217728 47939464 25637 
252548296 251655948 51028452 51148056 165648522 3317088 6942024 2097152 11 81006744 
12991940 31700 616974672 429523380 156408636 471400700 8 5327 289506177 96428437 
86445905 3347 28203428 11840 11030 365847552 89291656 20110 80533386 20070 
29381176 19870 41220636 109312176 161293848 791514416 205703472 32570 323309504 142688196 
499850568 238613760 11 65101506 20967 419456358 9097 614600376 817327104 13354674 
68456640 462533392 59011857 395847584 28170 394880216 32768 163402992 8 375936080 
253772640 5930 38524954 115878356 14460 64 321243664 37710204 213716328 285352042 
201368198 565369938 29520 16777216 32768 78799732 30327 357884340 50734818 141156834 
644493576 251582418 102923156 115227658 31666872 35454456 13937 22749846 599863617 6722610 
144069162 473638726 272502522 1960 588858564 168825473 262144 122074880 222114708 313194113 
262144 420026877 16810 14847 4096 639502940 121807992 24960 31597 64 
8 163504040 30260 1 32768 18896262 1 245567898 32768 283098374 
2540856 149019892 23770 6870 447721989 390478380 24659040 120899868 11190 32768 
290142320 64 623762742 174272510 454566944 6430 892973367 4867 22840 21783272 
304066796 4666772 379285162 512 267253146 682791096 9911956 243321372 12190 807392740 
79993704 205670384 25110 9063036 81604890 52683888 28224417 269694124 440563721 79623336 
107976132 4506966 16777216 23417 211314922 7097 99294624 287928557 223724832 122072652 
316122120 9350952 52353684 46989852 55990326 26610 23150 48037432 424318635 8 
21937 27194960 8 46134150 22330 145568203 64 3728716 2955084 132500848 
216852985 130048992 262144 738759285 757309532 246960386 36022140 20900 490892802 27374445 
249982936 420989530 762217498 147824556 185932656 11 668091017 129483480 1 277783128 
8370 3920512 175541093 242475264 130217984 111429873 467017902 694569762 7837 1 
240081912 256633425 73484796 12260 72754215 151395876 63692200 346125768 19970 540274 
246996981 544188348 12658104 141815088 1287291 26634992 29757120 31397 86703993 8 
9120666 60820594 94361764 70212492 16423375 261176832 512 263905768 76681626 31687 
58139822 27957 279945050 106668234 453503252 16650 393983744 343293625 28647 407110359 
1 262144 180608684 353444633 14337 203607368 113308470 855493222 179727306 14920 
8087 166377510 353376504 159500523 113051304 56278570 16052850 12331272 245534086 346145448 
430572942 200021952 24040812 160264650 119671992 29037 54968320 25927 225538884 867286752 
175974080 147305204 12434070 15138952 146452902 23499504 78042833 126344352 17597 133405734 
64 370619106 11 15850 62179668 4698672 6670 247502820 235443312 391248 
417550576 525094232 16777216 45141516 5597 231989243 2127 1186248 28171935 64879584 
203119851 83824065 254325698 25747 243566954 312736440 130691224 12017 106700776 34450928 
17647 2050 144327788 262144 11 195412836 12197 21745280 8 21336462 
51691365 479742822 259026534 34500074 169707221 215047448 122274472 26760 16767 506964004 
274440192 17777 1841238 1777 512 205309000 32768 154684462 29690 663264090 
4381828 11307 422070712 208690664 430256996 1077002 117426048 488306959 23250 754003076 
2097152 25383636 82472616 263244321 8 577760 103797276 183969863 86042681 4096 
438189070 522707094 237073828 19420 56744064 736498827 602856427 21877 8166312 180720496 
10120 29400 247505584 14220 104031214 305864496 33535912 13138552 215870526 366585268 
150 304896950 16250 4096 27460 187885166 17897 209043316 712929000 27860184 
485018092 205450542 426060528 27120 20660 234072693 664908933 198007446 4096 17340 
15270 24120 10050 80367086 549860022 53057788 185710173 242083512 693704656 568886562 
23197 29270 16850 830530445 85886416 107788534 284905404 19487 713799904 304925710 
431611368 408377834 56458094 122857260 74418492 2347158 925876688 11 420129552 206773344 
326513713 432541863 3897 453473776 28834872 137649457 240477990 98675184 5044923 337954331 
483414979 8 81747198 47920040 377880228 110747888 457871462 114832080 77226732 315740012 
18517 587240260 494995335 640 291033504 21323397 70205128 579182153 12520 23807038 
371891424 18837 76866348 253542534 204624738 51238138 448403895 119988860 249867948 58307460 
11437 25820 791856236 4096 17567 310407604 14263340 214118448 848935808 183762656 
377984460 107685014 79617586 90222744 10630 273960 1762852 418666068 11 54085200 
26807 414495063 32498912 3917 9549386 16777216 35929956 185708546 53054058 1087 
26165904 696572956 145050920 4351176 20910080 162531708 14978359 97766568 228448080 14957 
8 13648067 16337 665775127 67719168 219853751 64287036 675845478 376798176 16777216 
163939578 380955626 229632345 73517367 164150955 572448852 682679214 213041868 27875256 83923788 
326839919 746398912 707 347891145 38966130 82767698 26260 7227 233009952 491010034 
3597 15990 16686012 313286778 162709074 531656818 134217728 50000928 23269444 31167 
49141248 332123304 11000 2077 17457 30842460 12158817 33846619 96199484 360921105 
113732192 331008075 324373536 366968556 4713084 24167 1 537750413 18218673 19594130 
49603548 15240 228378528 544563019 82188067 303228416 258834177 407497068 689425512 41004544 
16450 77064210 274565436 40344832 208673088 42389414 487845540 231027562 427516150 14390 
77604336 615681661 250620146 324383256 45227763 18860 287328442 43854195 604940123 34331486 
134217728 131698 92403400 13770 512 4690 9617 265177906 7248428 165509300 
228667724 217642264 14040008 4096 16777216 670677847 54782208 263446959 135727480 523827527 
2767 18472779 291969622 100838640 22940 676285978 15817 253008822 93912192 3930076 
661221033 263070620 64 947968 781123932 30818880 4000 271724882 11 23127 
811846827 9207 54490670 29767 262144 473166078 24607 17060 40627272 58266186 
40474551 112302340 227270644 13136680 176195106 175107464 43498698 65514591 195622544 50664335 
217997082 56579960 12588138 21137 175741056 51528960 48974856 238179402 753324306 19615338 
13329696 12607 8 68877829 11 23357 171196256 121466061 3585400 29979279 
79456752 512 134217728 113058825 89564541 7703872 967 255366219 226762400 8 
2097152 36113610 3891640 11 3402918 665443524 512 1816018 118074588 343192325 
25020 11411868 309650 516472056 131304844 671850778 712591341 8 780248896 149808677 
2937 18170 446479293 251318772 555149433 52853586 2097152 572919693 354730329 3387 
228821492 25387 2097152 567778299 504645466 70440216 262949673 9977 175119890 14027 
12890 182208545 29197 19074912 2097152 102642848 137372274 12714702 347116865 6910 
150437412 15637 11 318883554 10897 23280 4096 52563382 151571052 205098759 
1049776 238885787 638450756 23810 110133312 205946982 812033331 21017 17161814 72618801 
584501427 16627 176469678 31227 95105584 54220101 134217728 28009200 210443560 148195744 
20340752 352720101 245331330 264731692 90606410 419165336 16777216 158831792 254324133 250738294 
64 4210 3651168 29567 405933444 268902084 509912082 479621859 384680534 11887 
157309992 41317654 362823852 160093296 37499994 5100 8 583286726 218916288 25839840 
307919487 162736938 18037 128923002 267683988 94685664 1648704 227464318 10567 52338286 
104178414 99213092 5418243 301468986 189251738 16980 147393108 12297 11417 756633504 
31810 23777 32760740 154728104 2670 512 43964832 16777216 208211484 281899970 
276577444 8 20790 8 29268480 1010 579690228 163699326 31977 512 
140328848 410223096 158589864 485913222 61261320 11 373165182 1 28718214 844829331 
24827 17295488 11727 339418020 310724480 20926728 682272647 7157 76585314 29867 
134217728 47954088 29130 178511058 512 30307 66903564 11800 155729808 7057 
539404347 998013700 924130935 139389660 180475676 3310 724032588 12896010 32784669 21220 
469809123 306518706 59219286 2097152 6375820 206997115 12294916 145692729 2097152 149584104 
229989518 9557 3877 42504368 4472622 57648165 134217728 457800610 8550 14509608 
4140 191697738 162557304 980 60351324 141115682 105332214 126085344 29927 4096 
2500 106027324 180142263 231745734 7350 220475640 39168096 408263912 4096 70710426 
27320 12252920 283310430 140835665 14487804 44332497 197160636 202278959 107245248 304742542 
151173924 615834646 16407 449290034 8 518497902 12282231 20057 27770 2939490 
252109456 4270 24203448 16777216 11010 222904324 10280 32768 107047919 132839633 
4096 14967 5383048 4905044 805383162 18790 298122780 401049632 69063418 397781104 
372548160 11 11140 10447 211567994 241435025 511273126 20140 214390974 8717864 
218767084 134217728 427175949 84786964 354670974 109247929 38197640 239209324 386435398 15117 
32137 120073092 384793674 18032824 30450 24850 421320921 325960784 421861727 6039189 
1035486936 175258281 217573616 35815908 4096 134217728 262144 18780 133988452 7787 
8 374105402 303025158 434946012 192501568 26520 45090864 1862224 27599190 169055592 
1920 6017 92505829 61472628 97352044 30380 45588228 384167245 8 484471624 
4096 96137532 21011685 194048404 23577 529639891 102053928 307205478 349585981 32768 
382679232 56574436 16777216 51383420 301919506 13490 44623233 15516077 31323712 32768 
9886144 4096 4096 262144 99815492 395962434 78734590 91727322 20287 45735552 
25820 338616104 20004412 52017112 16677 80454668 5910736 45897684 60648972 8644526 
140336304 16467 57308877 647 20321296 7830 420200703 793251 30290 6654344 
4096 10470 224823984 24684021 203207480 14487 124516160 18200 45251020 181932576 
238572756 67007655 42880995 1 250911069 1521856 34035185 4430 291841678 9577 
219999260 287514612 217230822 15107 27520 83901740 705609407 53328881 7530 15697 
257108524 468064078 106435732 244464099 3225882 575169390 20297 787579488 340323720 86830737 
125852168 53319042 794829216 19547 46497542 83977582 32768 152352486 131834700 177596430 
181277312 455565005 18271044 5947 55378280 134217728 2450 160983576 5987 5270 
68673999 10797 11681813 125446272 4096 1903584 588872805 383298816 23389785 292949628 
27607 714863856 49878057 570376415 46963488 225048978 20991696 27667 1622060 28457 
27753799 107619122 560267802 11820 104424345 21517 295281318 27627 16327 72796248 
518576588 481618527 485556804 732259506 23280548 13056021 187363848 5409468 356092614 163426128 
253028456 13750 336227129 18587 32768 512 188521326 262144 134802834 223575704 
313211310 430938032 15596048 64 3345216 680829564 175163760 470348928 10174955 659301786 
558850698 88694228 262144 145637808 262450242 88078410 210128408 251642278 584996180 1917 
657730218 29641896 412600828 6890 8 59587002 371422324 64 72057187 32768 
95529772 75209328 369802356 65229340 63200800 141793862 72030000 16617 21045232 2238912 
20680 216076837 86473548 82894988 34577781 27210722 393478434 2097152 32768 20810 
57313732 42443764 134217728 18947 32768 62949843 67697604 1020 11 23660 
8065006 287615184 327665044 205977624 462294567 237531624 262144 431861958 26223210 202232048 
23297 5870 78908504 134217728 64 406492464 124812730 67674559 5678028 86085042 
217061814 9027 512 337708422 262144 6108932 1 28534524 345125652 168490926 
6180 55780459 311638148 433080360 4860504 990 61579893 704098308 600836058 512 
16347 39859092 47536 153678006 148567424 599451564 66117794 63835935 51634434 252640 
16777216 16682910 81591760 11 51989808 2097152 58854885 76025680 32058177 85434176 
67355145 6302016 33838134 2097152 53405064 37111932 114419670 341224114 7597 165196489 
383718668 536048514 184833904 72082974 13870 416230800 82929744 23397 211901700 1 
126674592 234676478 273494028 57497804 264524594 4096 319949706 15816448 19030 29267 
359068707 368766837 68758200 976886007 967343520 2139720 169564488 14910 59234922 23707 
29280 38509590 66256656 137638757 5071124 24470 139851114 26220420 153812682 393037584 
769862805 488372176 18036358 12867 117010696 41759905 493378635 383874537 4096 67354150 
777655640 118350432 800719668 32517 1408146 171093552 364281999 136131618 139450290 30888088 
25707264 300397188 11550 6537 826384032 300135006 464052435 190212624 391854532 89812632 
528349527 3320 129450384 8 11 77039770 1835526 95187232 19995975 16777216 
18617 18150 293564262 5583126 231524118 46774840 11150 303649860 27860 16920 
422455904 89287264 137701432 407591964 308760528 14320 22711896 5247 696623292 217192812 
30431904 8 22990 52052100 269005971 45786081 15190 4719822 67625247 565728387 
89234970 394169858 121196444 406624596 71197693 56961113 283276721 17157 28957 269930640 
7287 16777216 14747 824003372 124605648 232725736 48205242 477291456 26527 23257328 
88575392 301652470 18807 2115321 512 40611960 659097081 848675401 26910 23460 
211419034 81413353 747598685 122688741 160347304 23909496 29190 512 16777216 32768 
134217728 512 7574604 81274644 596141181 886340698 262144 515056104 293368586 4096 
209453490 4096 25770 4096 21920 404235405 76613214 272315540 855511774 130957020 
29898072 414228078 18747 198750996 121520838 304238942 95504576 63459126 2080 6079788 
254923559 4097184 30577 33477738 75430488 13565032 28550 440029268 4417 12111962 
330733065 312629782 17280 18515416 328379136 255012188 409778304 719585485 4096 75674192 
387765576 16777216 490404180 19807 343940638 447472152 32768 222952608 325739799 19887 
13270 13116384 116276858 463240088 91499310 16297 49942756 16777216 67950828 23680 
115562462 32317 105400120 8 92313020 8 20626164 31317 17890 295062768 
274969657 627544392 1860698 4096 227385270 54607188 58905292 531403116 37516634 512 
783598794 26277 291911104 690452688 795488772 32028102 562033992 130038336 2097152 359400348 
2097152 172830840 13816320 576436295 11506544 26290 151508412 108079672 480345558 29220 
605028088 146944424 15347 25537 265261738 3047 60996536 16380 27520 123585638 
115701168 92186608 12095305 4597 146161734 216776952 186647305 25840 64 62011854 
30610 527472820 100097868 610245981 19567 122019744 440 19010 317741346 610192275 
103436423 105640563 136492512 578814852 943942872 277712484 478278876 10673289 18895070 8662194 
11641376 196944891 52968384 125551548 587783658 4096 27650140 894802881 38309788 775052768 
27740 24892395 566480250 135995288 11 198177506 263809080 118202928 15777 114240118 
331331169 465364624 404627652 268588103 17939214 369074706 14900292 10787 8 516863070 
99082711 45812952 300199182 407536745 691604455 12060 299772319 278112918 262144 28037162 
14451843 48465431 24447 170769960 115008360 617448559 236559598 9840 151592958 30980 
12217 13507 62573518 204466164 54518808 41929275 21447 7367392 28610 283908274 
3740 235389141 4510 111918646 68585392 282268143 16777216 296323965 21081153 5140 
450030594 2660 8 134217728 9867 12880 111645419 170657634 11616636 22286814 
25193623 426013812 8 107472840 227849608 108060905 361920236 4117 1 35647050 
233142395 24967558 157276768 439011716 31573524 202572333 512942778 516001991 1 52895447 
252925728 217802368 62382654 177454992 81845208 58355321 287184366 462684593 62588911 17450 
59470836 623164427 67513284 11754846 32768 307270054 27787 1 391429836 255371016 
73887942 29260 22110 16777216 229211856 543351349 11 27650 255896856 89389131 
23150 86769958 34443078 158853252 158816565 103576704 409581548 71483044 47597816 161535017 
233017007 660914196 535625392 137147472 15690 58534320 32760 42597442 47032807 160507824 
209230560 847898579 336895600 99231618 151915176 2750 609963222 362251058 142291408 238565390 
503293824 10390 568571080 32005830 108872760 31717719 623512417 8490446 32768 64 
185447696 1 19505772 30255780 30171309 266510334 262144 7930 320546856 158098266 
32768 332750432 257318734 6840 35153433 36613356 527387028 563064310 32760 23046838 
546372054 255202552 99732336 220129264 514847871 205348100 526655836 616753480 269329807 64 
16777216 320 744446715 225323826 402885952 10017 10610996 52628228 18237 195425208 
179966072 18597 55134492 181214715 7479876 398504534 90406294 84076270 522872774 405961003 
115252384 419262228 134217728 335160285 148526991 364640304 477567222 31504872 13670372 208178777 
480954350 282161070 63016132 10967 47854730 234708236 64 25487 325818858 266282460 
294171111 723441720 16093224 394880508 176409604 18817 124531272 926430368 19557 23977718 
82317305 504618793 93582452 27400 627974532 25699128 134217728 20360 453560716 268355623 
129414586 510802791 153245480 27057 32768 16777216 55369887 248839227 2686592 24102920 
392589824 560133342 40861489 18307 14637 356808672 29381079 8972941 375858630 175335160 
32768 47223592 442767829 4096 77119803 594282066 128819440 76092884 540271914 195712356 
595104433 4096 18797 64 25780 370625374 12367 23168424 176497804 4558104 
270746984 166941742 17650 290483500 217636524 239610888 357191370 395264968 1336764 32535314 
283042188 20097 1290 49305308 4096 4470 61043229 10046231 457710120 923814 
256732827 33557851 134217728 537172260 453604671 110144547 356421078 512 160287208 101100616 
9190 294957560 96195708 287456002 2097152 225811962 512 407700560 14885783 11 
670202702 8617 401631615 7310 26187 42627303 141538785 72175194 29017 158912244 
684131799 629429328 20787 13083161 474111408 150969690 3847 435184537 23637 134217728 
29457 13720 71336328 14607 219563189 57894056 24796728 145519712 28282716 262144 
19647 410211451 153857896 113962170 157756356 523122259 78937544 179016804 795981204 20408857 
7667597 223633660 332138312 228889736 24980 294699230 171800278 14557 42228693 35588800 
277554984 22645840 335126484 629432117 170889936 616758394 44425158 2097152 23639616 104802258 
240116940 591550638 351851165 51091648 82731374 138197247 7434339 44264129 52426500 1340 
10040 8 2337 152264840 76729896 540654720 4096 683432192 9430 20600 
510011256 24607 117888966 10060568 358731058 879243411 8067 16777216 19252931 64881680 
109000336 2097152 27951365 597265990 105463296 454582575 111164202 5900 20897 19990 
419042104 8595900 240748744 24514404 28806228 31156798 123048305 335745872 545492427 114287328 
16410 237678220 234379408 632632 21270 207849670 86246436 366489664 654848256 2750 
306013524 110862944 355495800 355666155 690790944 533141952 28922192 18115368 134217728 22259328 
15460 3590 233177248 95082192 3057 117910268 570428778 25648064 131565622 104178672 
474877575 68480752 407 17303798 7230 155037872 20960 17210 54037984 11080 
25497 122864208 4096 31927 252226132 237084354 133569104 833708870 671817422 2097152 
2097152 2582440 31457 819819222 125399696 69619760 213025680 334762506 32388117 6333936 
560099475 4008460 15590 230627026 30817 198287068 160468349 123763200 22256256 333461312 
1006177464 266488917 354896616 262144 265455612 284043220 24477 86956980 328629312 13060 
655434846 26400 10600 13057 23830 8617 8771440 121302348 110454162 4105155 
261519993 108390260 906599844 362089728 19040 122297718 2097152 225251609 16777216 232442784 
11011100 84324343 8680 116162079 975485889 70472152 234593982 30267 448141122 26577 
182961870 436305650 8 132049744 263838267 41659544 157611104 1997 2237376 92992260 
4096 2587206 40307718 298049102 880860637 16777216 439470608 79685868 8 14370 
191147908 64 10280160 226723014 37433088 564352 267350160 367439062 602557956 12310 
32768 6960 673720498 262144 80739432 4060 32768 378845831 134587716 29581266 
512 263492786 9800 134513860 13931136 8 15807 32735142 127468530 20080 
28250 392654064 209868632 223528870 29020 676482224 22230 181572144 42722134 871219706 
292601634 437757210 12057144 121202400 66992926 355204404 136899552 2097152 39657130 32070 
17880588 105316640 578133591 174229828 366985380 102985146 146648512 296130540 9684984 5155260 
196094012 1640 85759850 35227071 106687998 3880 4096 44174104 127701432 213382398 
382427406 17127 759107018 173017200 119106288 162171888 80002572 489327828 20780980 119350024 
190719126 102574388 369703305 112166381 886060833 32768 130381272 22587 77253712 3407 
20990 215468127 123047340 13840 130942140 222219582 22937556 121705036 8303327 16777216 
134217728 168280416 279087606 114364012 17990 503643513 9614522 296638552 8707 610704378 
2097152 6297 2113900 53328912 551978774 22900 32768 38618580 21750696 102348079 
84461706 2097152 283912155 93686733 192263444 305383110 160997856 14685960 32469546 771980261 
155012880 15527 277213629 252481656 125560210 204244712 333985162 379770076 95178096 1 
85610096 489370512 185031080 17465040 134217728 11 17310 161402868 53380974 100336462 
179677498 120694728 2800 208778296 16787 108773853 164277008 90197847 12930 114935512 
3990 292675994 172068078 262144 750047688 3596586 22947 53112672 20573007 13200516 
76284384 80207799 19293712 14807 36164856 140016016 1 14141517 86253882 11677 
9873304 424837533 196822980 660894173 33490674 349021464 144107714 134217728 5730 29577 
36297205 11 21129874 434344977 400898757 362767608 28440 840219534 11 8622252 
35673402 153559960 140090907 150779718 34936547 31977 1 512 330159419 427948182 
6990 405049086 867104685 86760278 481299315 25390 2097152 328781376 161776692 16777216 
207 22387 420503076 272790000 6790 50827797 209668956 76650138 112526432 1947 
17057 110236620 23000 32768 100578000 219500270 30369338 931791222 80161336 177540578 
164603602 32768 3567 7810 108668352 72876908 10417 32768 670336242 95712575 
37648974 9877 64 11680 23311714 258140196 6880 32120 342944760 15210 
4470 735612059 2688291 274320466 405256642 22387 2887 101800576 4096 768176706 
18580320 82054410 289809576 64 18137 149596447 623325976 16630 143753344 578351333 
107035348 24387 186494422 209758926 31690 27997 304714859 370 128038080 63861876 
184258210 11 68416380 16367 100625244 34851512 140689092 23107 103194120 247330116 
298717116 240870818 17888096 96239013 79233762 108856632 94378681 9880 77363124 430437615 
426788932 18250 2640 124284120 144939092 189999192 75985767 21497 29200 100665560 
284425416 28470 22567 9560 486148968 16858368 17315826 64849350 75123048 152677062 
10870284 358520360 659065160 1 62712881 345896406 866306766 58129440 30819392 142074576 
152557988 557284285 553566338 11360 361949183 470415942 181164030 212445052 223336697 249957224 
13257 40980273 301699320 519732720 42017087 314795112 3897 426041401 170933604 2097152 
27760 1084740 25757 4430 234123740 184314496 27368416 166864176 56549718 51065424 
551159418 26579272 430484087 23927 2990 102106566 11 25547 76623491 4096 
100104039 262144 370892160 178245754 28574278 41571456 211582096 160123232 40489137 86688948 
21400 554484666 4096 10150 279638208 68184964 24767124 194715099 11340160 30124272 
178519311 428305152 191720034 5284110 11850 513897108 608407492 788534586 110701760 5290 
81563800 424216800 782416216 4096 2097152 155339202 489070417 975806188 290670144 196428540 
16100 1 58974938 764226196 32257 253669437 59674454 1553328 161725930 119904616 
201938004 11 11297979 185342685 6290736 42748727 3414411 106447168 4975492 25457 
277332640 110781456 1787 291123504 499858326 432673010 40301196 181955964 8359300 108620788 
6710 404515482 197248191 129767781 98360615 21457 707340036 643987036 239251144 215724412 
14620 2217 1 267477457 101554269 1410 11547 11053528 31517 80826712 
527059768 260974998 443403639 249548117 13987 212101452 8347 439952422 108748848 114943912 
9367 290158114 966143236 34153252 629049285 211846089 56019060 124334118 17290 44773280 
497882776 446654688 449913216 26590 9230 4096 15910 32768 408135200 20200 
3400 425055574 30343632 8044848 48732864 12990186 137247022 281991578 21787 219942664 
20957 516260250 464879100 4096 5987 13073102 796624794 99633702 776845654 314298552 
36390108 116079054 2097152 276093305 134217728 132397776 125132840 116318058 332851092 1890 
77295453 110205900 772760478 4096 173970700 12157 9962724 21701012 410500661 793900948 
20430 64 8 672084023 279229244 478949952 8 4096 139035744 124556496 
94054808 25267 49950908 533844738 49520555 172272 4096 143151009 526124746 222088338 
93151998 432571452 173477508 4096 214248529 5600 57135330 26920 64 1073202 
31527 77921676 24104454 27740 738845233 13777 359566575 295892700 242788158 411214276 
21200 750475736 60902156 27094320 233983468 1002933715 80160720 4637 402302965 45530238 
4096 40410622 95154696 694112169 8550 64 6987 399790612 159787676 24939746 
311120 582284136 942055092 97427034 101346536 783771406 64 9887 92458926 239041080 
3059350 14127 145982400 176805300 243853552 100365910 134217728 537480993 16390 32768 
2531816 108464128 64 881020155 41699712 3515260 234519648 330441972 44568067 18890 
64 43119452 29096541 323470882 136248243 18103116 324429912 571698 18970 371374864 
29057 3127690 807798000 147726764 8 226201752 134217728 80499690 117019968 31677644 
686393598 32340 805732 102416664 25590 263513457 465842438 658030967 253903730 312388918 
31830 234322044 175045104 30940 337070709 26774640 46606791 375213 160525414 42004176 
459621459 21403220 299074329 41931718 127104872 262144 116555023 934719824 528938200 962378 
2240 416779992 23287 696699458 420335965 29257 202955784 340724694 176167600 2543247 
440275524 1 277939458 363872271 8 58612724 12187 25807 29847699 45204628 
134217728 35328980 577711822 199612224 6495104 40952691 11 16560 35498641 174620622 
79893651 60365410 125868942 220236700 84053232 236538561 214255832 2097152 256845960 17367 
512 28505949 63956120 206000856 623061971 200986342 143159043 134217728 9952381 9797832 
39484188 100909488 243220388 1470330 26110 512694196 64765033 146451256 4780 16777216 
6630 320773832 229116306 512 205263344 15200 314042400 469242228 157865551 738133368 
245179440 13365964 41810706 2117 257846160 143287362 35943496 643523812 252832980 630316512 
19457 294278441 126164408 21950 14320 104680772 147099852 10777 21760 134217728 
287 6420 46281016 64 13090 74136 32768 79967368 2477 28010 
7057 189597390 12627 36882592 445420638 7287 13090 244265112 777148347 323712792 
20830 98888352 109869027 76786986 1717 370182360 201914526 237010176 3317 109206175 
8507 83693660 25537 402245913 182012373 25029326 237646596 262144 298041810 443797265 
17730516 74176454 49342902 101047463 61940724 293501834 76315218 349142409 175709048 678673260 
3080 301599576 302965168 27157 144683562 32768 123631006 176420220 73949460 17820 
4560 130097240 6277 29900 44109285 168919200 840 234620076 294948054 21790 
1 54226056 184768334 21323808 18390 367105196 759672375 5560 225989628 110601216 
687991162 49452944 2380 282720582 199060596 6037374 249208149 512 3810 480370513 
44622762 331547976 2097152 24102400 15850 104204254 64 40851293 12420 123196104 
19350 35451648 741538278 18174052 124260264 30115162 157552962 264097974 330076896 243237243 
4300 4096 10697 107115966 18625880 99289848 14909268 275948752 435864906 8807 
258859524 16777216 13480 137886945 13801680 21662432 262144 374797971 32791768 17271216 
220139416 15350 49061714 134217728 134217728 472760598 87764941 64 372421128 36800032 
325785339 847822094 61484292 329308133 240845322 17366456 120133602 348922548 4032161 10910 
655658014 144324512 118623528 4940 82063288 175753448 573582880 453576078 102408499 117124736 
335175303 38500098 123697568 34688542 218495090 339994152 64811604 45908802 250129572 212376832 
42186408 324943696 7240 64050016 64 77286768 2097152 14930 32768 217732906 
56234601 171484614 273856338 134217728 8007 16777216 297042249 32029834 56151368 4540 
605186520 32768 17940 5177 232002054 8371584 71713158 7114238 21583506 12527 
83871964 395527132 30387 91999518 318509352 64 768875989 80675882 1797 16490 
13907200 543220317 2627 245844416 838513900 69179285 8 105642248 180763380 22106512 
3323386 31189906 230759394 380011793 39229858 760909464 1747305 11 154763508 32768 
5843484 83608362 24782310 321991360 8 72854860 440768940 66733204 690 20762808 
16777216 86009952 159158030 338392902 25946547 15956904 30050 570504044 120052134 23334982 
14570 190335222 1051680 12357 156186976 19087 88697896 14457 11 4096 
8 879650315 4420 31950 63236628 30980 250279571 312044486 64 494676312 
25527 21156962 23100 497515676 23790 124644080 10540 339548664 13710 16777216 
29484084 81572832 16777216 286266888 27830 44309912 2287 442163956 402139110 338368 
8 4096 260723106 561285111 3590236 3171642 17170 342050 609644342 873066831 
30092314 123495906 370941292 136216416 295666156 9377 6917652 117835722 8710 16747 
64 237084391 14040 177092272 2370 16777216 19147 110325882 340769484 7580 
1380 487059170 4096 755168448 187963105 29160 122836624 105193592 560060036 8107 
134217728 5788806 2179485 3540 31617 172284840 441911617 195377027 497613732 212617200 
32768 135842351 2650 196065258 7236320 2097152 178003612 318306610 2097152 1270 
583146324 13290 25188009 297701082 811256226 23620 455699667 203216742 217074600 262144 
1054966961 132526520 907973992 134217728 77975838 1 11167368 334150204 20557 10970058 
31110 5247 20171877 18970752 432371011 73447104 6177 29520738 8313648 32768 
27817 304307868 9007 149338287 11177 31537 19137 149729706 16777216 211534638 
94886400 64 443160864 85174099 41764106 567759565 284054573 4097 22237 49362105 
128657320 152359604 696499104 10470 18100 61838730 302170159 287235522 13297 621244788 
312298404 127656872 60582924 39700332 18770 401346921 4647 10040 30390 289228636 
627420358 114943072 253763712 60329870 309238910 170831234 280114933 4096 313192984 9669296 
830 139212438 1983822 690801036 8 112912606 692717632 15420 400698606 95947020 
37092780 255540690 1 19960576 12960 98579976 8118000 39923205 19097 5568948 
427096066 258780207 17637 19405098 52303340 1737 63198830 13447062 257152412 653780997 
354994320 733261302 5690 1 305874008 140225966 289578533 236322996 749596640 73704872 
298367482 264369249 376685048 166044003 74687224 601029561 24057 4780 21139944 26985341 
181382400 148765528 537483856 2097152 358858949 65817025 29640 13467206 26557 2385504 
36551331 1 374864825 904561250 11577 366278 9063228 358053853 68163876 11 
14907 599955712 48066312 267506688 285456930 26417 16777216 32667 64 64 
12147 2097152 97443192 363285492 134217728 7197 134217728 634888793 76974228 31545696 
270853968 5440 163605606 494808016 4096 2407 9940 173351139 5009160 32544768 
4096 45621296 9860 31117 666126636 30887 135852508 1227 48009234 732851552 
134217728 67099494 37853256 12047 282753459 2097152 17700 32230 336718382 1140 
19417 494113884 2097152 154779264 21197 9587 372630104 36136422 2486512 357738973 
338128742 21488910 222135771 38712796 22989420 22960 32768 331832132 10230 135560016 
10000 174550474 12677 108418792 61199246 257863620 11027072 32768 18572560 23612421 
143687328 71933946 158283571 299763212 122264349 323129230 175896 56889140 227040624 98706506 
81835335 312135795 134761074 216981531 101387902 1027999484 398490814 7791763 747319587 286652096 
602473942 11 27347 9890076 53898049 2657 14127 229791006 258571989 10831160 
244091040 1 52660057 2167 342419305 8194554 284866331 262144 98626418 810165965 
374423608 728819956 321348208 24787 95642118 208445136 30847 325046442 64 396148530 
103722834 262493260 389828988 16777216 16590 321734592 32768 410948132 262144 43374190 
31797 25637 52906851 28953600 18997 11031066 25687 198227065 294069412 7532109 
17280560 76616344 136344600 14847 15377 12920 317242890 58551768 22969476 46238608 
104231960 11550 9656544 29260032 465987939 9950 512 814835767 604363032 26710 
31850208 250994236 205588552 30140 239091726 56988992 434522288 402646400 21620 113957558 
273655648 1 79860144 4230 4907 145989795 179116672 233714356 13830 120612771 
1660 244485906 370417096 126042785 398212704 96658256 16777216 12492710 38101968 78901770 
49460922 117810092 127014648 8642784 26478120 396404851 8360 22757 584827890 365753776 
185318805 633944664 9494208 136461466 64 85916376 314173362 484615376 245186344 23200 
275719248 647463054 50437224 333906580 15357 31307 29915488 37655324 109454976 205544544 
454335721 631977192 518017992 53551176 7750 65274856 101321835 618835700 486172086 984893407 
207027900 700715073 628933020 32768 92536642 46318896 100596440 3580 188844534 2749575 
93260400 1857 39303717 78720912 41028 812486844 67739817 323592276 404151520 438954704 
250959852 453579009 61278992 470354674 43211718 166003023 181208344 363317892 655673229 16777216 
260391664 591890781 42497026 401265756 89570982 631155853 758406712 512 78789348 32768 
340282880 297626072 49309416 316074960 30877 672063777 22557 652647550 408239496 16180 
113458488 512 60326217 233618399 121966286 2720967 265672316 135365505 494605356 8 
512 64712063 32090 16777216 443136837 2124188 
8
